1 12 6.46148 17 2.89388e+06 1e+17
2 12 6.49618 17.1 3.13458e+06 1.25893e+17
3 12 6.5314 17.2 3.39938e+06 1.58489e+17
4 12 6.566 17.3 3.68129e+06 1.99526e+17
5 12 6.60045 17.4 3.9852e+06 2.51189e+17
6 12 6.63518 17.5 4.31698e+06 3.16228e+17
7 12 6.67033 17.6 4.68091e+06 3.98107e+17
8 12 6.70469 17.7 5.06629e+06 5.01187e+17
9 12 6.73903 17.8 5.48315e+06 6.30957e+17
10 12 6.77568 17.9 5.96596e+06 7.94328e+17
11 12 6.8107 18 6.46696e+06 1e+18
12 12 6.84608 18.1 7.01585e+06 1.25893e+18
13 12 6.88196 18.2 7.62009e+06 1.58489e+18
14 12 6.92102 18.3 8.3372e+06 1.99526e+18
15 12 6.95927 18.4 9.10479e+06 2.51189e+18
16 12 6.9986 18.5 9.96782e+06 3.16228e+18
17 12 7.04031 18.6 1.09726e+07 3.98107e+18
18 12 7.08317 18.7 1.21107e+07 5.01187e+18
19 12 7.12756 18.8 1.34141e+07 6.30957e+18
20 12 7.17332 18.9 1.49046e+07 7.94328e+18
21 12 7.2209 19 1.66303e+07 1e+19
22 12 7.26908 19.1 1.85815e+07 1.25893e+19
23 12 7.31963 19.2 2.08752e+07 1.58489e+19
24 12 7.37104 19.3 2.34985e+07 1.99526e+19
25 12 7.42266 19.4 2.64643e+07 2.51189e+19
26 12 7.47657 19.5 2.99619e+07 3.16228e+19
27 12 7.53078 19.6 3.39453e+07 3.98107e+19
28 12 7.58575 19.7 3.85257e+07 5.01187e+19
29 12 7.64147 19.8 4.37996e+07 6.30957e+19
30 12 7.69696 19.9 4.97691e+07 7.94328e+19
31 12 7.75388 20 5.67388e+07 1e+20
32 12 7.81129 20.1 6.47575e+07 1.25893e+20
33 12 7.86913 20.2 7.39827e+07 1.58489e+20
34 12 7.92728 20.3 8.45824e+07 1.99526e+20
35 12 7.9866 20.4 9.69617e+07 2.51189e+20
36 12 8.04509 20.5 1.1094e+08 3.16228e+20
37 12 8.10261 20.6 1.26651e+08 3.98107e+20
38 12 8.16184 20.7 1.45158e+08 5.01187e+20
39 12 8.21915 20.8 1.65634e+08 6.30957e+20
40 12 8.27667 20.9 1.89091e+08 7.94328e+20
41 12 8.33423 21 2.15889e+08 1e+21
42 12 8.39034 21.1 2.45663e+08 1.25893e+21
43 12 8.44573 21.2 2.79081e+08 1.58489e+21
44 12 8.50042 21.3 3.16534e+08 1.99526e+21
45 12 8.55441 21.4 3.58435e+08 2.51189e+21
46 12 8.60708 21.5 4.0465e+08 3.16228e+21
47 12 8.66028 21.6 4.57383e+08 3.98107e+21
48 12 8.7116 21.7 5.14754e+08 5.01187e+21
49 12 8.7628 21.8 5.79162e+08 6.30957e+21
50 12 8.81381 21.9 6.51343e+08 7.94328e+21
51 12 8.86351 22 7.30315e+08 1e+22
52 12 8.91241 22.1 8.17354e+08 1.25893e+22
53 12 8.96044 22.2 9.12935e+08 1.58489e+22
54 12 9.00712 22.3 1.01653e+09 1.99526e+22
55 12 9.05357 22.4 1.13128e+09 2.51189e+22
56 12 9.09853 22.5 1.25467e+09 3.16228e+22
57 12 9.142 22.6 1.38676e+09 3.98107e+22
58 12 9.18481 22.7 1.53042e+09 5.01187e+22
59 12 9.22583 22.8 1.68202e+09 6.30957e+22
60 12 9.26579 22.9 1.84412e+09 7.94328e+22
61 12 9.30443 23 2.01572e+09 1e+23
62 12 9.34186 23.1 2.19715e+09 1.25893e+23
63 12 9.37786 23.2 2.38704e+09 1.58489e+23
64 12 9.41255 23.3 2.58553e+09 1.99526e+23
65 12 9.44606 23.4 2.79293e+09 2.51189e+23
66 12 9.47836 23.5 3.00857e+09 3.16228e+23
67 12 9.50951 23.6 3.23229e+09 3.98107e+23
68 12 9.5395 23.7 3.46338e+09 5.01187e+23
69 12 9.56846 23.8 3.7022e+09 6.30957e+23
70 12 9.59645 23.9 3.94866e+09 7.94328e+23
71 12 9.62354 24 4.20281e+09 1e+24
72 12 9.64982 24.1 4.46498e+09 1.25893e+24
73 12 9.67539 24.2 4.73576e+09 1.58489e+24
74 12 9.70034 24.3 5.0158e+09 1.99526e+24
75 12 9.72474 24.4 5.30567e+09 2.51189e+24
76 12 9.74868 24.5 5.60635e+09 3.16228e+24
77 12 9.77221 24.6 5.91848e+09 3.98107e+24
78 12 9.79541 24.7 6.24324e+09 5.01187e+24
79 12 9.8183 24.8 6.58112e+09 6.30957e+24
80 12 9.84092 24.9 6.93298e+09 7.94328e+24
81 12 9.86331 25 7.29978e+09 1e+25
82 12 9.88547 25.1 7.68192e+09 1.25893e+25
83 12 9.90743 25.2 8.08035e+09 1.58489e+25
84 12 9.92919 25.3 8.49552e+09 1.99526e+25
85 12 9.95075 25.4 8.92791e+09 2.51189e+25
86 12 9.97212 25.5 9.37821e+09 3.16228e+25
87 12 9.9933 25.6 9.84691e+09 3.98107e+25
88 12 10.0143 25.7 1.03348e+10 5.01187e+25
89 12 10.0351 25.8 1.08418e+10 6.30957e+25
90 12 10.0557 25.9 1.13684e+10 7.94328e+25
91 12 10.0761 26 1.19152e+10 1e+26
